# Huang. An analysis of Facebook photo caching. SOSP’13. Figure 3 (d)
# Object_rank_on_Haystack Number_of_requests
1   965.464598
1   977.434495
1   989.552795
1   977.434495
1   977.434495
1   977.434495
1   977.434495
1   977.434495
1   977.434495
1   977.434495
1   977.434495
1   977.434495
1   965.464598
1   953.641288
1   953.641288
2   953.641288
2   953.641288
2   953.641288
2   953.641288
2   953.641288
2   953.641288
2   953.641288
2   941.962769
2   930.427268
2   930.427268
2   930.427268
2   930.427268
2   930.427268
2   919.033033
2   907.778335
2   907.778335
2   907.778335
3   907.778335
3   896.661465
3   885.680734
3   885.680734
3   885.680734
3   885.680734
3   864.121044
3   864.121044
3   843.086171
3   822.563340
3   812.490033
3   802.540085
4   783.004247
4   763.943961
4   754.588520
4   745.347649
4   727.204018
4   718.298504
4   709.502049
4   700.813317
5   692.230990
5   683.753764
5   675.380352
5   675.380352
5   658.939901
5   658.939901
6   658.939901
6   658.939901
6   658.939901
6   658.939901
6   658.939901
6   658.939901
7   658.939901
7   658.939901
7   642.899651
7   642.899651
7   642.899651
8   642.899651
8   635.026548
8   627.249861
8   627.249861
9   627.249861
9   627.249861
9   627.249861
9   627.249861
10  627.249861
10  611.981027
10  604.486561
11  589.771842
11  575.415317
11  568.368643
12  568.368643
12  568.368643
12  568.368643
13  568.368643
13  568.368643
14  554.533125
14  554.533125
14  541.034399
15  541.034399
15  541.034399
16  534.408762
16  527.864265
17  527.864265
17  521.399913
18  515.014725
18  502.477975
19  502.477975
20  490.246401
20  490.246401
21  490.246401
21  490.246401
22  490.246401
23  490.246401
23  484.242727
24  478.312575
25  478.312575
26  478.312575
26  478.312575
27  478.312575
28  472.455044
29  466.669247
30  466.669247
31  466.669247
32  455.309347
33  455.309347
34  455.309347
35  455.309347
36  455.309347
37  455.309347
38  449.733520
39  444.225976
40  444.225976
42  444.225976
43  444.225976
44  444.225976
46  438.785879
47  433.412402
48  433.412402
50  422.862057
51  422.862057
53  422.862057
55  422.862057
56  412.568535
58  412.568535
60  412.568535
62  407.516122
64  402.525582
66  402.525582
68  402.525582
70  392.727100
72  397.596157
74  392.727100
76  392.727100
79  392.727100
81  383.167138
83  383.167138
86  378.474781
89  373.839889
91  373.839889
94  373.839889
97  373.839889
100 369.261756
103 364.739688
106 364.739688
110 364.739688
113 360.272999
116 355.861010
120 355.861010
124 355.861010
127 347.198460
131 347.198460
135 347.198460
140 347.198460
144 342.946585
148 338.746779
153 338.746779
157 338.746779
162 334.598405
167 330.500833
172 330.500833
178 330.500833
183 330.500833
189 322.455614
195 322.455614
200 322.455614
207 322.455614
213 322.455614
220 314.606236
226 314.606236
233 314.606236
240 310.753493
248 306.947931
255 306.947931
263 306.947931
271 299.476049
280 299.476049
288 299.476049
297 295.808594
306 292.186051
315 292.186051
325 292.186051
335 285.073510
345 285.073510
356 281.582432
367 278.134106
378 278.134106
390 278.134106
402 271.363624
414 271.363624
427 271.363624
440 268.040440
453 271.363624
467 264.757953
482 264.757953
496 264.757953
512 261.515664
527 258.313081
543 255.149717
560 252.025093
577 252.025093
595 252.025093
613 248.938733
632 245.890170
651 245.890170
671 242.878940
692 239.904587
713 239.904587
735 236.966658
758 234.064707
781 234.064707
805 228.366985
829 228.366985
855 228.366985
881 225.570349
908 222.807960
936 222.807960
965 220.079401
994 217.384256
1025    217.384256
1056    212.092578
1089    212.092578
1122    209.495242
1156    206.929713
1192    206.929713
1228    204.395602
1266    201.892525
1305    201.892525
1345    196.977954
1386    196.977954
1429    194.565715
1473    192.183017
1518    192.183017
1564    187.504801
1612    187.504801
1662    182.940464
1713    182.940464
1765    178.487234
1819    178.487234
1875    176.301437
1933    174.142407
1992    174.142407
2053    169.903344
2116    169.903344
2181    165.767471
2248    163.737443
2317    161.732275
2388    161.732275
2461    157.795306
2537    157.795306
2614    153.954172
2695    152.068813
2777    150.206542
2862    148.367077
2950    146.550138
3041    144.755450
3134    142.982740
3230    141.231739
3329    139.502182
3431    136.106349
3537    136.106349
3645    132.793179
3757    131.166962
3872    129.560660
3991    126.406829
4113    126.406829
4239    123.329769
4369    123.329769
4503    120.327614
4642    118.854053
4784    117.398538
4931    114.540763
5082    114.540763
5238    111.752554
5398    110.384005
5564    109.032216
5735    106.378099
5910    105.075367
6092    102.517569
6279    101.262114
6471    100.022034
6670    98.797141
6874    96.392171
7085    95.211729
7302    92.894037
7526    91.756434
7757    89.522853
7995    88.426534
8240    87.343642
8493    85.217479
8753    84.173885
9022    83.143071
9298    81.119161
9584    80.125756
9878    78.175294
10181   77.217941
10493   77.217941
10733   77.217941
10979   73.504340
11316   72.604189
11663   71.715060
12021   69.969336
12389   68.266107
12769   67.430104
13161   66.604339
13564   64.983022
13980   63.401172
14409   62.624746
14851   61.857829
15306   60.352054
15776   59.612968
16260   58.161839
16758   57.449576
17272   56.051109
17802   55.364694
18348   54.016978
18911   53.355473
19491   52.056667
20088   50.789477
20704   50.167497
21339   48.946295
21994   48.346887
22668   47.170002
23364   46.592347
24080   45.458173
24819   44.901481
25580   43.808466
26364   42.742058
27173   41.701609
28006   41.190922
28865   40.188231
29750   39.209949
30662   38.729775
31603   37.786995
32572   36.867165
33571   36.415680
34600   35.529231
35661   34.664361
36755   34.239853
37882   33.406369
39044   32.593174
40241   32.194030
41475   31.410347
42747   30.645740
44058   30.270445
45409   29.533587
46802   28.814665
48237   28.113244
49716   27.768962
51241   27.092996
52812   26.433485
54432   26.109774
56101   25.474197
57821   24.854091
59595   24.249080
61422   23.658797
63305   23.082882
65247   22.520987
67247   21.972770
69310   21.703686
71435   21.175364
73626   20.659902
75884   20.156988
78211   19.910141
80609   19.187589
83081   18.720515
85629   18.491259
88254   17.820200
90961   17.601969
93750   17.173493
96625   16.550256
99588   16.347578
102642  15.949637
105790  15.561382
109034  15.182579
112378  14.996650
115822  14.275424
119375  14.100604
123035  13.588884
126807  13.258096
130697  13.095735
134705  12.776952
138834  12.313268
143093  12.162477
147481  11.866411
152002  11.435772
156662  11.020760
161468  11.020760
166420  10.752487
171519  10.110029
176778  9.743129
182201  9.743129
187789  9.623813
192090  9.274558
196488  8.828522
202516  8.828522
208727  8.720406
215128  8.508129
220054  8.199364
225091  7.709454
231995  7.615042
239112  7.615042
246448  7.615042
254003  7.338687
261781  6.649790
269811  6.568355
278088  6.568355
286620  6.568355
295411  6.487917
302176  6.252467
309081  5.527622
318563  5.527622
328337  5.527622
338410  5.527622
348792  5.527622
359485  5.327021
367717  5.133700
376115  4.428073
387654  4.428073
399547  4.428073
411804  4.428073
424438  4.428073
437456  4.373846
450871  4.267375
461196  4.112510
471709  3.294453
486181  3.294453
501096  3.294453
516470  3.294453
532314  3.294453
548645  3.294453
565477  3.294453
582825  3.294453
600693  3.174896
618994  2.193766
637980  2.166900
657552  2.166900
677725  2.166900
698517  2.166900
719947  2.166900
742034  2.166900
764799  2.166900
788262  2.166900
812445  2.166900
837370  2.166900
863059  2.166900
882830  2.114152
896246  2.012478
916481  1.100315
944591  1.086840
973570  1.086840
1003438 1.086840
1034223 1.086840
1065951 1.086840
1098654 1.086840
1132359 1.086840
1167099 1.086840
1202904 1.086840
1239808 1.086840
1277843 1.086840
1317046 1.086840
1357452 1.086840
1399097 1.086840
1442020 1.086840
1486259 1.086840
1531856 1.086840
1578841 1.073530
1614998 1.034571
