# age_in_month	CDF_of_accesses
#
# The first range is replaced by a formula
#0.000000	0.000000
#0.005175	0.000474
#0.051746	0.204739
#0.056921	0.337441
#0.134541	0.438863
#0.336352	0.568720
#0.543338	0.629384
#1.785252	0.801422
#
2.582147	0.855450
3.053040	0.875355
3.601552	0.890995
3.839586	0.896209
5.454075	0.912322
6.473480	0.919431
8.191462	0.930332
10.545925	0.941232
12.062096	0.948815
14.188875	0.955450
17.231565	0.963981
24.010349	0.978199
25.000000	0.980290
26.000000	0.982026
27.000000	0.983696
28.000000	0.985306
29.000000	0.986859
30.000000	0.988359
31.000000	0.989810
32.000000	0.991215
33.000000	0.992577
34.000000	0.993898
35.000000	0.995181
36.000000	0.996428
37.000000	0.997640
38.000000	0.998820
39.026523	1.000000
