# Huang. An analysis of Facebook photo caching. SOSP’13. Figure 3 (d)
# Object_rank_on_Haystack Number_of_requests
1	989.518224
1	977.399924
1	965.430027
2	953.606717
2	941.928198
2	930.392697
2	918.998462
2	907.743764
3	896.626894
3	885.646163
3	864.086473
3	843.051600
3	822.528769
3	812.455462
3	802.505514
4	782.969676
4	763.909390
4	754.553949
4	745.313078
4	727.169447
4	718.263933
4	709.467478
4	700.778746
5	692.196419
5	683.719193
5	675.345781
6	658.905330
7	642.865080
8	634.991977
9	627.215290
10	611.946456
10	604.451990
11	589.737271
11	575.380746
12	568.334072
14	554.498554
15	540.999828
16	534.374191
17	527.829694
17	521.365342
18	514.980154
19	502.443404
21	490.211830
23	484.208156
26	478.278004
28	472.420473
30	466.634676
34	455.274776
38	449.698949
42	444.191405
48	433.377831
52	422.827486
58	412.533964
62	407.481551
66	402.491011
74	392.692529
82	383.132567
86	378.440210
93	373.805318
100	369.227185
106	364.705117
113	360.238428
120	355.826439
133	347.163889
144	342.912014
153	338.712208
162	334.563834
175	330.466262
201	322.421043
220	314.571665
230	314.571665
240	310.718922
255	306.913360
280	299.441478
297	295.774023
316	292.151480
340	285.038939
356	281.547861
378	278.099535
414	271.329053
440	268.005869
482	264.723382
512	261.481093
527	258.278510
543	255.115146
577	251.990522
613	248.904162
642	245.855599
671	242.844369
703	239.870016
735	236.932087
769	234.030136
830	228.332414
881	225.535778
922	222.773389
965	220.044830
1010	217.349685
1072	212.058007
1122	209.460671
1192	206.895142
1228	204.361031
1286	201.857954
1366	196.943383
1429	194.531144
1495	192.148446
1588	187.470230
1687	182.905893
1792	178.452663
1875	176.266866
1962	174.107836
2085	169.868773
2181	165.732900
2248	163.702872
2352	161.697704
2499	157.760735
2614	153.919601
2695	152.034242
2777	150.171971
2862	148.332506
2950	146.515567
3041	144.720879
3134	142.948169
3230	141.197168
3329	139.467611
3484	136.071778
3645	132.758608
3757	131.132391
3872	129.526089
4052	126.372258
4304	123.295198
4503	120.293043
4642	118.819482
4784	117.363967
5006	114.506192
5238	111.717983
5398	110.349434
5564	108.997645
5735	106.343528
5910	105.040796
6092	102.482998
6279	101.227543
6471	99.987463
6670	98.762570
6874	96.357600
7085	95.177158
7302	92.859466
7526	91.721863
7757	89.488282
7995	88.391963
8240	87.309071
8493	85.182908
8753	84.139314
9022	83.108500
9298	81.084590
9584	80.091185
9878	78.140723
10457	77.183370
10979	73.469769
11316	72.569618
11663	71.680489
12021	69.934765
12389	68.231536
12769	67.395533
13161	66.569768
13564	64.948451
13980	63.366601
14409	62.590175
14851	61.823258
15306	60.317483
15776	59.578397
16260	58.127268
16758	57.415005
17272	56.016538
17802	55.330123
18348	53.982407
18911	53.320902
19491	52.022096
20088	50.754906
20704	50.132926
21339	48.911724
21994	48.312316
22668	47.135431
23364	46.557776
24080	45.423602
24819	44.866910
25580	43.773895
26364	42.707487
27173	41.667038
28006	41.156351
28865	40.153660
29750	39.175378
30662	38.695204
31603	37.752424
32572	36.832594
33571	36.381109
34600	35.494660
35661	34.629790
36755	34.205282
37882	33.371798
39044	32.558603
40241	32.159459
41475	31.375776
42747	30.611169
44058	30.235874
45409	29.499016
46802	28.780094
48237	28.078673
49716	27.734391
51241	27.058425
52812	26.398914
54432	26.075203
56101	25.439626
57821	24.819520
59595	24.214509
61422	23.624226
63305	23.048311
65247	22.486416
67247	21.938199
69310	21.669115
71435	21.140793
73626	20.625331
75884	20.122417
78211	19.875570
80609	19.153018
83081	18.685944
85629	18.456688
88254	17.785629
90961	17.567398
93750	17.138922
96625	16.515685
99588	16.313007
102642	15.915066
105790	15.526811
109034	15.148008
112378	14.962079
115822	14.240853
119375	14.066033
123035	13.554313
126807	13.223525
130697	13.061164
134705	12.742381
138834	12.278697
143093	12.127906
147481	11.831840
152002	11.401201
159065	10.986189
166420	10.717916
171519	10.075458
179489	9.708558
187789	9.589242
192090	9.239987
199502	8.793951
208727	8.685835
215128	8.473558
220054	8.164793
225091	7.674883
239221	7.580471
254003	7.304116
261781	6.615219
278215	6.533784
295411	6.453346
302176	6.217896
328936	5.493051
359485	5.292450
367717	5.099129
400277	4.393502
437456	4.339275
450871	4.232804
461196	4.077939
527267	3.259882
600693	3.140325
618994	2.159195
750520	2.132329
882830	2.079581
896246	1.977907
916481	1.065744
1238224	1.052269
1578841	1.038959
1614998	1.000000
